(kicad_pcb (version 20171130) (host pcbnew "(5.0.0)")

  (general
    (thickness 1.6)
    (drawings 0)
    (tracks 0)
    (zones 0)
    (modules 19)
    (nets 28)
  )

  (page A4)
  (layers
    (0 F.Cu signal)
    (31 B.Cu signal)
    (32 B.Adhes user)
    (33 F.Adhes user)
    (34 B.Paste user)
    (35 F.Paste user)
    (36 B.SilkS user)
    (37 F.SilkS user)
    (38 B.Mask user)
    (39 F.Mask user)
    (40 Dwgs.User user)
    (41 Cmts.User user)
    (42 Eco1.User user)
    (43 Eco2.User user)
    (44 Edge.Cuts user)
    (45 Margin user)
    (46 B.CrtYd user)
    (47 F.CrtYd user)
    (48 B.Fab user)
    (49 F.Fab user)
  )

  (setup
    (last_trace_width 0.25)
    (trace_clearance 0.2)
    (zone_clearance 0.508)
    (zone_45_only no)
    (trace_min 0.2)
    (segment_width 0.2)
    (edge_width 0.15)
    (via_size 0.8)
    (via_drill 0.4)
    (via_min_size 0.4)
    (via_min_drill 0.3)
    (uvia_size 0.3)
    (uvia_drill 0.1)
    (uvias_allowed no)
    (uvia_min_size 0.2)
    (uvia_min_drill 0.1)
    (pcb_text_width 0.3)
    (pcb_text_size 1.5 1.5)
    (mod_edge_width 0.15)
    (mod_text_size 1 1)
    (mod_text_width 0.15)
    (pad_size 1.524 1.524)
    (pad_drill 0.762)
    (pad_to_mask_clearance 0.2)
    (aux_axis_origin 0 0)
    (visible_elements FFFFFF7F)
    (pcbplotparams
      (layerselection 0x010fc_ffffffff)
      (usegerberextensions false)
      (usegerberattributes false)
      (usegerberadvancedattributes false)
      (creategerberjobfile false)
      (excludeedgelayer true)
      (linewidth 0.100000)
      (plotframeref false)
      (viasonmask false)
      (mode 1)
      (useauxorigin false)
      (hpglpennumber 1)
      (hpglpenspeed 20)
      (hpglpendiameter 15.000000)
      (psnegative false)
      (psa4output false)
      (plotreference true)
      (plotvalue true)
      (plotinvisibletext false)
      (padsonsilk false)
      (subtractmaskfromsilk false)
      (outputformat 1)
      (mirror false)
      (drillshape 1)
      (scaleselection 1)
      (outputdirectory ""))
  )

  (net 0 "")
  (net 1 /A)
  (net 2 GND)
  (net 3 /B)
  (net 4 "Net-(A1-Pad5)")
  (net 5 /C)
  (net 6 /D)
  (net 7 "Net-(A1-Pad7)")
  (net 8 /E)
  (net 9 "Net-(A1-Pad8)")
  (net 10 /F)
  (net 11 "Net-(A1-Pad9)")
  (net 12 /G)
  (net 13 "Net-(A1-Pad10)")
  (net 14 /DP)
  (net 15 +5V)
  (net 16 "Net-(Q2-Pad3)")
  (net 17 "Net-(Q3-Pad3)")
  (net 18 "Net-(Q4-Pad3)")
  (net 19 "Net-(Q5-Pad3)")
  (net 20 "Net-(R1-Pad1)")
  (net 21 "Net-(R2-Pad1)")
  (net 22 "Net-(R3-Pad1)")
  (net 23 "Net-(R4-Pad1)")
  (net 24 "Net-(R5-Pad1)")
  (net 25 "Net-(R6-Pad1)")
  (net 26 "Net-(R7-Pad1)")
  (net 27 "Net-(R8-Pad1)")

  (net_class Default "This is the default net class."
    (clearance 0.2)
    (trace_width 0.25)
    (via_dia 0.8)
    (via_drill 0.4)
    (uvia_dia 0.3)
    (uvia_drill 0.1)
    (add_net +5V)
    (add_net /A)
    (add_net /B)
    (add_net /C)
    (add_net /D)
    (add_net /DP)
    (add_net /E)
    (add_net /F)
    (add_net /G)
    (add_net GND)
    (add_net "Net-(A1-Pad10)")
    (add_net "Net-(A1-Pad5)")
    (add_net "Net-(A1-Pad7)")
    (add_net "Net-(A1-Pad8)")
    (add_net "Net-(A1-Pad9)")
    (add_net "Net-(Q2-Pad3)")
    (add_net "Net-(Q3-Pad3)")
    (add_net "Net-(Q4-Pad3)")
    (add_net "Net-(Q5-Pad3)")
    (add_net "Net-(R1-Pad1)")
    (add_net "Net-(R2-Pad1)")
    (add_net "Net-(R3-Pad1)")
    (add_net "Net-(R4-Pad1)")
    (add_net "Net-(R5-Pad1)")
    (add_net "Net-(R6-Pad1)")
    (add_net "Net-(R7-Pad1)")
    (add_net "Net-(R8-Pad1)")
  )

  (module Module:Arduino_Nano (layer F.Cu) (tedit 58ACAF70) (tstamp 5DE0173D)
    (at 168.91 93.98 90)
    (descr "Arduino Nano, http://www.mouser.com/pdfdocs/Gravitech_Arduino_Nano3_0.pdf")
    (tags "Arduino Nano")
    (path /5DD0C0A6)
    (fp_text reference A1 (at 0 -2.032 90) (layer F.SilkS)
      (effects (font (size 1 1) (thickness 0.15)))
    )
    (fp_text value Arduino_Nano_v3.x (at 4.064 8.382) (layer F.Fab)
      (effects (font (size 1 1) (thickness 0.15)))
    )
    (fp_text user %R (at 5.588 8.128 180) (layer F.Fab)
      (effects (font (size 1 1) (thickness 0.15)))
    )
    (fp_line (start 1.27 1.27) (end 1.27 -1.27) (layer F.SilkS) (width 0.12))
    (fp_line (start 1.27 -1.27) (end -1.4 -1.27) (layer F.SilkS) (width 0.12))
    (fp_line (start -1.4 1.27) (end -1.4 39.5) (layer F.SilkS) (width 0.12))
    (fp_line (start -1.4 -3.94) (end -1.4 -1.27) (layer F.SilkS) (width 0.12))
    (fp_line (start 13.97 -1.27) (end 16.64 -1.27) (layer F.SilkS) (width 0.12))
    (fp_line (start 13.97 -1.27) (end 13.97 36.83) (layer F.SilkS) (width 0.12))
    (fp_line (start 13.97 36.83) (end 16.64 36.83) (layer F.SilkS) (width 0.12))
    (fp_line (start 1.27 1.27) (end -1.4 1.27) (layer F.SilkS) (width 0.12))
    (fp_line (start 1.27 1.27) (end 1.27 36.83) (layer F.SilkS) (width 0.12))
    (fp_line (start 1.27 36.83) (end -1.4 36.83) (layer F.SilkS) (width 0.12))
    (fp_line (start 3.81 31.75) (end 11.43 31.75) (layer F.Fab) (width 0.1))
    (fp_line (start 11.43 31.75) (end 11.43 41.91) (layer F.Fab) (width 0.1))
    (fp_line (start 11.43 41.91) (end 3.81 41.91) (layer F.Fab) (width 0.1))
    (fp_line (start 3.81 41.91) (end 3.81 31.75) (layer F.Fab) (width 0.1))
    (fp_line (start -1.4 39.5) (end 16.64 39.5) (layer F.SilkS) (width 0.12))
    (fp_line (start 16.64 39.5) (end 16.64 -3.94) (layer F.SilkS) (width 0.12))
    (fp_line (start 16.64 -3.94) (end -1.4 -3.94) (layer F.SilkS) (width 0.12))
    (fp_line (start 16.51 39.37) (end -1.27 39.37) (layer F.Fab) (width 0.1))
    (fp_line (start -1.27 39.37) (end -1.27 -2.54) (layer F.Fab) (width 0.1))
    (fp_line (start -1.27 -2.54) (end 0 -3.81) (layer F.Fab) (width 0.1))
    (fp_line (start 0 -3.81) (end 16.51 -3.81) (layer F.Fab) (width 0.1))
    (fp_line (start 16.51 -3.81) (end 16.51 39.37) (layer F.Fab) (width 0.1))
    (fp_line (start -1.53 -4.06) (end 16.75 -4.06) (layer F.CrtYd) (width 0.05))
    (fp_line (start -1.53 -4.06) (end -1.53 42.16) (layer F.CrtYd) (width 0.05))
    (fp_line (start 16.75 42.16) (end 16.75 -4.06) (layer F.CrtYd) (width 0.05))
    (fp_line (start 16.75 42.16) (end -1.53 42.16) (layer F.CrtYd) (width 0.05))
    (pad 1 thru_hole rect (at 0 0 90) (size 1.6 1.6) (drill 0.8) (layers *.Cu *.Mask))
    (pad 17 thru_hole oval (at 15.24 33.02 90) (size 1.6 1.6) (drill 0.8) (layers *.Cu *.Mask))
    (pad 2 thru_hole oval (at 0 2.54 90) (size 1.6 1.6) (drill 0.8) (layers *.Cu *.Mask))
    (pad 18 thru_hole oval (at 15.24 30.48 90) (size 1.6 1.6) (drill 0.8) (layers *.Cu *.Mask))
    (pad 3 thru_hole oval (at 0 5.08 90) (size 1.6 1.6) (drill 0.8) (layers *.Cu *.Mask))
    (pad 19 thru_hole oval (at 15.24 27.94 90) (size 1.6 1.6) (drill 0.8) (layers *.Cu *.Mask)
      (net 1 /A))
    (pad 4 thru_hole oval (at 0 7.62 90) (size 1.6 1.6) (drill 0.8) (layers *.Cu *.Mask)
      (net 2 GND))
    (pad 20 thru_hole oval (at 15.24 25.4 90) (size 1.6 1.6) (drill 0.8) (layers *.Cu *.Mask)
      (net 3 /B))
    (pad 5 thru_hole oval (at 0 10.16 90) (size 1.6 1.6) (drill 0.8) (layers *.Cu *.Mask)
      (net 4 "Net-(A1-Pad5)"))
    (pad 21 thru_hole oval (at 15.24 22.86 90) (size 1.6 1.6) (drill 0.8) (layers *.Cu *.Mask)
      (net 5 /C))
    (pad 6 thru_hole oval (at 0 12.7 90) (size 1.6 1.6) (drill 0.8) (layers *.Cu *.Mask))
    (pad 22 thru_hole oval (at 15.24 20.32 90) (size 1.6 1.6) (drill 0.8) (layers *.Cu *.Mask)
      (net 6 /D))
    (pad 7 thru_hole oval (at 0 15.24 90) (size 1.6 1.6) (drill 0.8) (layers *.Cu *.Mask)
      (net 7 "Net-(A1-Pad7)"))
    (pad 23 thru_hole oval (at 15.24 17.78 90) (size 1.6 1.6) (drill 0.8) (layers *.Cu *.Mask)
      (net 8 /E))
    (pad 8 thru_hole oval (at 0 17.78 90) (size 1.6 1.6) (drill 0.8) (layers *.Cu *.Mask)
      (net 9 "Net-(A1-Pad8)"))
    (pad 24 thru_hole oval (at 15.24 15.24 90) (size 1.6 1.6) (drill 0.8) (layers *.Cu *.Mask)
      (net 10 /F))
    (pad 9 thru_hole oval (at 0 20.32 90) (size 1.6 1.6) (drill 0.8) (layers *.Cu *.Mask)
      (net 11 "Net-(A1-Pad9)"))
    (pad 25 thru_hole oval (at 15.24 12.7 90) (size 1.6 1.6) (drill 0.8) (layers *.Cu *.Mask))
    (pad 10 thru_hole oval (at 0 22.86 90) (size 1.6 1.6) (drill 0.8) (layers *.Cu *.Mask)
      (net 13 "Net-(A1-Pad10)"))
    (pad 26 thru_hole oval (at 15.24 10.16 90) (size 1.6 1.6) (drill 0.8) (layers *.Cu *.Mask))
    (pad 11 thru_hole oval (at 0 25.4 90) (size 1.6 1.6) (drill 0.8) (layers *.Cu *.Mask))
    (pad 27 thru_hole oval (at 15.24 7.62 90) (size 1.6 1.6) (drill 0.8) (layers *.Cu *.Mask))
    (pad 12 thru_hole oval (at 0 27.94 90) (size 1.6 1.6) (drill 0.8) (layers *.Cu *.Mask))
    (pad 28 thru_hole oval (at 15.24 5.08 90) (size 1.6 1.6) (drill 0.8) (layers *.Cu *.Mask))
    (pad 13 thru_hole oval (at 0 30.48 90) (size 1.6 1.6) (drill 0.8) (layers *.Cu *.Mask))
    (pad 29 thru_hole oval (at 15.24 2.54 90) (size 1.6 1.6) (drill 0.8) (layers *.Cu *.Mask)
      (net 2 GND))
    (pad 14 thru_hole oval (at 0 33.02 90) (size 1.6 1.6) (drill 0.8) (layers *.Cu *.Mask))
    (pad 30 thru_hole oval (at 15.24 0 90) (size 1.6 1.6) (drill 0.8) (layers *.Cu *.Mask)
      (net 15 +5V))
    (pad 15 thru_hole oval (at 0 35.56 90) (size 1.6 1.6) (drill 0.8) (layers *.Cu *.Mask)
      (net 14 /DP))
    (pad 16 thru_hole oval (at 15.24 35.56 90) (size 1.6 1.6) (drill 0.8) (layers *.Cu *.Mask)
      (net 12 /G))
    (model ${KISYS3DMOD}/Module.3dshapes/Arduino_Nano_WithMountingHoles.wrl
      (at (xyz 0 0 0))
      (scale (xyz 1 1 1))
      (rotate (xyz 0 0 0))
    )
  )

  (module digikey-footprints:TO-92-3 (layer F.Cu) (tedit 5AF9CDD1) (tstamp 5DE01751)
    (at 160.782 85.344 270)
    (descr http://www.ti.com/lit/ds/symlink/tl431a.pdf)
    (path /5DD0AED7)
    (fp_text reference Q1 (at 1.27 -3.35 270) (layer F.SilkS)
      (effects (font (size 1 1) (thickness 0.15)))
    )
    (fp_text value A3144EU (at 1.27 2.5 270) (layer F.Fab)
      (effects (font (size 1 1) (thickness 0.15)))
    )
    (fp_arc (start 1.27 0.35) (end -0.63 -1.6) (angle 90) (layer F.SilkS) (width 0.15))
    (fp_line (start 3.57 1.5) (end -1.03 1.5) (layer F.Fab) (width 0.15))
    (fp_arc (start 1.27 0.3) (end -1.03 1.5) (angle 235) (layer F.Fab) (width 0.15))
    (fp_arc (start 1.27 0.3) (end -1.33 0.3) (angle 90) (layer F.Fab) (width 0.15))
    (fp_line (start -1.63 -2.5) (end 4.17 -2.5) (layer F.CrtYd) (width 0.05))
    (fp_line (start -1.63 1.75) (end 4.17 1.75) (layer F.CrtYd) (width 0.05))
    (fp_line (start -1.63 1.75) (end -1.63 -2.5) (layer F.CrtYd) (width 0.05))
    (fp_line (start 4.17 1.75) (end 4.17 -2.5) (layer F.CrtYd) (width 0.05))
    (fp_line (start 3.62 1.6) (end 3.77 1.3) (layer F.SilkS) (width 0.1))
    (fp_line (start 3.62 1.6) (end 3.32 1.6) (layer F.SilkS) (width 0.1))
    (fp_line (start -0.78 1.6) (end -1.08 1.6) (layer F.SilkS) (width 0.1))
    (fp_line (start -1.08 1.6) (end -1.23 1.3) (layer F.SilkS) (width 0.1))
    (fp_text user %R (at 1.27 -1.25 90) (layer F.Fab)
      (effects (font (size 0.75 0.75) (thickness 0.15)))
    )
    (pad 2 thru_hole oval (at 1.27 0 90) (size 1 1.5) (drill 0.55) (layers *.Cu *.Mask)
      (net 2 GND))
    (pad 3 thru_hole oval (at 2.54 0 90) (size 1 1.5) (drill 0.55) (layers *.Cu *.Mask)
      (net 4 "Net-(A1-Pad5)"))
    (pad 1 thru_hole rect (at 0 0 90) (size 1 1.5) (drill 0.55) (layers *.Cu *.Mask)
      (net 15 +5V))
  )

  (module Package_TO_SOT_THT:TO-92_Inline (layer F.Cu) (tedit 5A1DD157) (tstamp 5DE01763)
    (at 160.02 74.168)
    (descr "TO-92 leads in-line, narrow, oval pads, drill 0.75mm (see NXP sot054_po.pdf)")
    (tags "to-92 sc-43 sc-43a sot54 PA33 transistor")
    (path /5DD4EE49)
    (fp_text reference Q2 (at -2.794 -0.254) (layer F.SilkS)
      (effects (font (size 1 1) (thickness 0.15)))
    )
    (fp_text value 2N7000 (at 1.27 0) (layer F.Fab)
      (effects (font (size 1 1) (thickness 0.15)))
    )
    (fp_arc (start 1.27 0) (end 1.27 -2.6) (angle 135) (layer F.SilkS) (width 0.12))
    (fp_arc (start 1.27 0) (end 1.27 -2.48) (angle -135) (layer F.Fab) (width 0.1))
    (fp_arc (start 1.27 0) (end 1.27 -2.6) (angle -135) (layer F.SilkS) (width 0.12))
    (fp_arc (start 1.27 0) (end 1.27 -2.48) (angle 135) (layer F.Fab) (width 0.1))
    (fp_line (start 4 2.01) (end -1.46 2.01) (layer F.CrtYd) (width 0.05))
    (fp_line (start 4 2.01) (end 4 -2.73) (layer F.CrtYd) (width 0.05))
    (fp_line (start -1.46 -2.73) (end -1.46 2.01) (layer F.CrtYd) (width 0.05))
    (fp_line (start -1.46 -2.73) (end 4 -2.73) (layer F.CrtYd) (width 0.05))
    (fp_line (start -0.5 1.75) (end 3 1.75) (layer F.Fab) (width 0.1))
    (fp_line (start -0.53 1.85) (end 3.07 1.85) (layer F.SilkS) (width 0.12))
    (fp_text user %R (at 1.27 0) (layer F.Fab)
      (effects (font (size 1 1) (thickness 0.15)))
    )
    (pad 1 thru_hole rect (at 0 0) (size 1.05 1.5) (drill 0.75) (layers *.Cu *.Mask)
      (net 2 GND))
    (pad 3 thru_hole oval (at 2.54 0) (size 1.05 1.5) (drill 0.75) (layers *.Cu *.Mask)
      (net 16 "Net-(Q2-Pad3)"))
    (pad 2 thru_hole oval (at 1.27 0) (size 1.05 1.5) (drill 0.75) (layers *.Cu *.Mask)
      (net 13 "Net-(A1-Pad10)"))
    (model ${KISYS3DMOD}/Package_TO_SOT_THT.3dshapes/TO-92_Inline.wrl
      (at (xyz 0 0 0))
      (scale (xyz 1 1 1))
      (rotate (xyz 0 0 0))
    )
  )

  (module Package_TO_SOT_THT:TO-92_Inline (layer F.Cu) (tedit 5A1DD157) (tstamp 5DE01775)
    (at 173.99 74.168)
    (descr "TO-92 leads in-line, narrow, oval pads, drill 0.75mm (see NXP sot054_po.pdf)")
    (tags "to-92 sc-43 sc-43a sot54 PA33 transistor")
    (path /5DD4EFC7)
    (fp_text reference Q3 (at -3.048 -0.254) (layer F.SilkS)
      (effects (font (size 1 1) (thickness 0.15)))
    )
    (fp_text value 2N7000 (at 1.27 0) (layer F.Fab)
      (effects (font (size 1 1) (thickness 0.15)))
    )
    (fp_text user %R (at 1.27 0) (layer F.Fab)
      (effects (font (size 1 1) (thickness 0.15)))
    )
    (fp_line (start -0.53 1.85) (end 3.07 1.85) (layer F.SilkS) (width 0.12))
    (fp_line (start -0.5 1.75) (end 3 1.75) (layer F.Fab) (width 0.1))
    (fp_line (start -1.46 -2.73) (end 4 -2.73) (layer F.CrtYd) (width 0.05))
    (fp_line (start -1.46 -2.73) (end -1.46 2.01) (layer F.CrtYd) (width 0.05))
    (fp_line (start 4 2.01) (end 4 -2.73) (layer F.CrtYd) (width 0.05))
    (fp_line (start 4 2.01) (end -1.46 2.01) (layer F.CrtYd) (width 0.05))
    (fp_arc (start 1.27 0) (end 1.27 -2.48) (angle 135) (layer F.Fab) (width 0.1))
    (fp_arc (start 1.27 0) (end 1.27 -2.6) (angle -135) (layer F.SilkS) (width 0.12))
    (fp_arc (start 1.27 0) (end 1.27 -2.48) (angle -135) (layer F.Fab) (width 0.1))
    (fp_arc (start 1.27 0) (end 1.27 -2.6) (angle 135) (layer F.SilkS) (width 0.12))
    (pad 2 thru_hole oval (at 1.27 0) (size 1.05 1.5) (drill 0.75) (layers *.Cu *.Mask)
      (net 11 "Net-(A1-Pad9)"))
    (pad 3 thru_hole oval (at 2.54 0) (size 1.05 1.5) (drill 0.75) (layers *.Cu *.Mask)
      (net 17 "Net-(Q3-Pad3)"))
    (pad 1 thru_hole rect (at 0 0) (size 1.05 1.5) (drill 0.75) (layers *.Cu *.Mask)
      (net 2 GND))
    (model ${KISYS3DMOD}/Package_TO_SOT_THT.3dshapes/TO-92_Inline.wrl
      (at (xyz 0 0 0))
      (scale (xyz 1 1 1))
      (rotate (xyz 0 0 0))
    )
  )

  (module Package_TO_SOT_THT:TO-92_Inline (layer F.Cu) (tedit 5A1DD157) (tstamp 5DE01787)
    (at 187.96 45.72)
    (descr "TO-92 leads in-line, narrow, oval pads, drill 0.75mm (see NXP sot054_po.pdf)")
    (tags "to-92 sc-43 sc-43a sot54 PA33 transistor")
    (path /5DD4F00F)
    (fp_text reference Q4 (at 1.27 -3.56) (layer F.SilkS)
      (effects (font (size 1 1) (thickness 0.15)))
    )
    (fp_text value 2N7000 (at 1.27 2.79) (layer F.Fab)
      (effects (font (size 1 1) (thickness 0.15)))
    )
    (fp_arc (start 1.27 0) (end 1.27 -2.6) (angle 135) (layer F.SilkS) (width 0.12))
    (fp_arc (start 1.27 0) (end 1.27 -2.48) (angle -135) (layer F.Fab) (width 0.1))
    (fp_arc (start 1.27 0) (end 1.27 -2.6) (angle -135) (layer F.SilkS) (width 0.12))
    (fp_arc (start 1.27 0) (end 1.27 -2.48) (angle 135) (layer F.Fab) (width 0.1))
    (fp_line (start 4 2.01) (end -1.46 2.01) (layer F.CrtYd) (width 0.05))
    (fp_line (start 4 2.01) (end 4 -2.73) (layer F.CrtYd) (width 0.05))
    (fp_line (start -1.46 -2.73) (end -1.46 2.01) (layer F.CrtYd) (width 0.05))
    (fp_line (start -1.46 -2.73) (end 4 -2.73) (layer F.CrtYd) (width 0.05))
    (fp_line (start -0.5 1.75) (end 3 1.75) (layer F.Fab) (width 0.1))
    (fp_line (start -0.53 1.85) (end 3.07 1.85) (layer F.SilkS) (width 0.12))
    (fp_text user %R (at 1.27 -3.56) (layer F.Fab)
      (effects (font (size 1 1) (thickness 0.15)))
    )
    (pad 1 thru_hole rect (at 0 0) (size 1.05 1.5) (drill 0.75) (layers *.Cu *.Mask)
      (net 2 GND))
    (pad 3 thru_hole oval (at 2.54 0) (size 1.05 1.5) (drill 0.75) (layers *.Cu *.Mask)
      (net 18 "Net-(Q4-Pad3)"))
    (pad 2 thru_hole oval (at 1.27 0) (size 1.05 1.5) (drill 0.75) (layers *.Cu *.Mask)
      (net 9 "Net-(A1-Pad8)"))
    (model ${KISYS3DMOD}/Package_TO_SOT_THT.3dshapes/TO-92_Inline.wrl
      (at (xyz 0 0 0))
      (scale (xyz 1 1 1))
      (rotate (xyz 0 0 0))
    )
  )

  (module Package_TO_SOT_THT:TO-92_Inline (layer F.Cu) (tedit 5A1DD157) (tstamp 5DE01799)
    (at 201.93 45.72)
    (descr "TO-92 leads in-line, narrow, oval pads, drill 0.75mm (see NXP sot054_po.pdf)")
    (tags "to-92 sc-43 sc-43a sot54 PA33 transistor")
    (path /5DD4F110)
    (fp_text reference Q5 (at 1.27 -3.56) (layer F.SilkS)
      (effects (font (size 1 1) (thickness 0.15)))
    )
    (fp_text value 2N7000 (at 1.27 2.79) (layer F.Fab)
      (effects (font (size 1 1) (thickness 0.15)))
    )
    (fp_text user %R (at 1.27 -3.56) (layer F.Fab)
      (effects (font (size 1 1) (thickness 0.15)))
    )
    (fp_line (start -0.53 1.85) (end 3.07 1.85) (layer F.SilkS) (width 0.12))
    (fp_line (start -0.5 1.75) (end 3 1.75) (layer F.Fab) (width 0.1))
    (fp_line (start -1.46 -2.73) (end 4 -2.73) (layer F.CrtYd) (width 0.05))
    (fp_line (start -1.46 -2.73) (end -1.46 2.01) (layer F.CrtYd) (width 0.05))
    (fp_line (start 4 2.01) (end 4 -2.73) (layer F.CrtYd) (width 0.05))
    (fp_line (start 4 2.01) (end -1.46 2.01) (layer F.CrtYd) (width 0.05))
    (fp_arc (start 1.27 0) (end 1.27 -2.48) (angle 135) (layer F.Fab) (width 0.1))
    (fp_arc (start 1.27 0) (end 1.27 -2.6) (angle -135) (layer F.SilkS) (width 0.12))
    (fp_arc (start 1.27 0) (end 1.27 -2.48) (angle -135) (layer F.Fab) (width 0.1))
    (fp_arc (start 1.27 0) (end 1.27 -2.6) (angle 135) (layer F.SilkS) (width 0.12))
    (pad 2 thru_hole oval (at 1.27 0) (size 1.05 1.5) (drill 0.75) (layers *.Cu *.Mask)
      (net 7 "Net-(A1-Pad7)"))
    (pad 3 thru_hole oval (at 2.54 0) (size 1.05 1.5) (drill 0.75) (layers *.Cu *.Mask)
      (net 19 "Net-(Q5-Pad3)"))
    (pad 1 thru_hole rect (at 0 0) (size 1.05 1.5) (drill 0.75) (layers *.Cu *.Mask)
      (net 2 GND))
    (model ${KISYS3DMOD}/Package_TO_SOT_THT.3dshapes/TO-92_Inline.wrl
      (at (xyz 0 0 0))
      (scale (xyz 1 1 1))
      (rotate (xyz 0 0 0))
    )
  )

  (module Resistor_SMD:R_0805_2012Metric_Pad1.15x1.40mm_HandSolder (layer B.Cu) (tedit 5B36C52B) (tstamp 5DE02860)
    (at 196.85 82.559 90)
    (descr "Resistor SMD 0805 (2012 Metric), square (rectangular) end terminal, IPC_7351 nominal with elongated pad for handsoldering. (Body size source: https://docs.google.com/spreadsheets/d/1BsfQQcO9C6DZCsRaXUlFlo91Tg2WpOkGARC1WS5S8t0/edit?usp=sharing), generated with kicad-footprint-generator")
    (tags "resistor handsolder")
    (path /5DD11DEE)
    (attr smd)
    (fp_text reference R1 (at -2.803 0 90) (layer B.SilkS)
      (effects (font (size 1 1) (thickness 0.15)) (justify mirror))
    )
    (fp_text value 470 (at -0.009 0 90) (layer B.Fab)
      (effects (font (size 1 1) (thickness 0.15)) (justify mirror))
    )
    (fp_line (start -1 -0.6) (end -1 0.6) (layer B.Fab) (width 0.1))
    (fp_line (start -1 0.6) (end 1 0.6) (layer B.Fab) (width 0.1))
    (fp_line (start 1 0.6) (end 1 -0.6) (layer B.Fab) (width 0.1))
    (fp_line (start 1 -0.6) (end -1 -0.6) (layer B.Fab) (width 0.1))
    (fp_line (start -0.261252 0.71) (end 0.261252 0.71) (layer B.SilkS) (width 0.12))
    (fp_line (start -0.261252 -0.71) (end 0.261252 -0.71) (layer B.SilkS) (width 0.12))
    (fp_line (start -1.85 -0.95) (end -1.85 0.95) (layer B.CrtYd) (width 0.05))
    (fp_line (start -1.85 0.95) (end 1.85 0.95) (layer B.CrtYd) (width 0.05))
    (fp_line (start 1.85 0.95) (end 1.85 -0.95) (layer B.CrtYd) (width 0.05))
    (fp_line (start 1.85 -0.95) (end -1.85 -0.95) (layer B.CrtYd) (width 0.05))
    (fp_text user %R (at 0 0) (layer B.Fab)
      (effects (font (size 0.5 0.5) (thickness 0.08)) (justify mirror))
    )
    (pad 1 smd roundrect (at -1.025 0 90) (size 1.15 1.4) (layers B.Cu B.Paste B.Mask) (roundrect_rratio 0.217391)
      (net 20 "Net-(R1-Pad1)"))
    (pad 2 smd roundrect (at 1.025 0 90) (size 1.15 1.4) (layers B.Cu B.Paste B.Mask) (roundrect_rratio 0.217391)
      (net 1 /A))
    (model ${KISYS3DMOD}/Resistor_SMD.3dshapes/R_0805_2012Metric.wrl
      (at (xyz 0 0 0))
      (scale (xyz 1 1 1))
      (rotate (xyz 0 0 0))
    )
  )

  (module Resistor_SMD:R_0805_2012Metric_Pad1.15x1.40mm_HandSolder (layer B.Cu) (tedit 5B36C52B) (tstamp 5DE017BB)
    (at 194.31 82.559 90)
    (descr "Resistor SMD 0805 (2012 Metric), square (rectangular) end terminal, IPC_7351 nominal with elongated pad for handsoldering. (Body size source: https://docs.google.com/spreadsheets/d/1BsfQQcO9C6DZCsRaXUlFlo91Tg2WpOkGARC1WS5S8t0/edit?usp=sharing), generated with kicad-footprint-generator")
    (tags "resistor handsolder")
    (path /5DD193B1)
    (attr smd)
    (fp_text reference R2 (at -2.803 0 270) (layer B.SilkS)
      (effects (font (size 1 1) (thickness 0.15)) (justify mirror))
    )
    (fp_text value 470 (at -0.009 0 90) (layer B.Fab)
      (effects (font (size 1 1) (thickness 0.15)) (justify mirror))
    )
    (fp_text user %R (at 0 0 90) (layer B.Fab)
      (effects (font (size 0.5 0.5) (thickness 0.08)) (justify mirror))
    )
    (fp_line (start 1.85 -0.95) (end -1.85 -0.95) (layer B.CrtYd) (width 0.05))
    (fp_line (start 1.85 0.95) (end 1.85 -0.95) (layer B.CrtYd) (width 0.05))
    (fp_line (start -1.85 0.95) (end 1.85 0.95) (layer B.CrtYd) (width 0.05))
    (fp_line (start -1.85 -0.95) (end -1.85 0.95) (layer B.CrtYd) (width 0.05))
    (fp_line (start -0.261252 -0.71) (end 0.261252 -0.71) (layer B.SilkS) (width 0.12))
    (fp_line (start -0.261252 0.71) (end 0.261252 0.71) (layer B.SilkS) (width 0.12))
    (fp_line (start 1 -0.6) (end -1 -0.6) (layer B.Fab) (width 0.1))
    (fp_line (start 1 0.6) (end 1 -0.6) (layer B.Fab) (width 0.1))
    (fp_line (start -1 0.6) (end 1 0.6) (layer B.Fab) (width 0.1))
    (fp_line (start -1 -0.6) (end -1 0.6) (layer B.Fab) (width 0.1))
    (pad 2 smd roundrect (at 1.025 0 90) (size 1.15 1.4) (layers B.Cu B.Paste B.Mask) (roundrect_rratio 0.217391)
      (net 3 /B))
    (pad 1 smd roundrect (at -1.025 0 90) (size 1.15 1.4) (layers B.Cu B.Paste B.Mask) (roundrect_rratio 0.217391)
      (net 21 "Net-(R2-Pad1)"))
    (model ${KISYS3DMOD}/Resistor_SMD.3dshapes/R_0805_2012Metric.wrl
      (at (xyz 0 0 0))
      (scale (xyz 1 1 1))
      (rotate (xyz 0 0 0))
    )
  )

  (module Resistor_SMD:R_0805_2012Metric_Pad1.15x1.40mm_HandSolder (layer B.Cu) (tedit 5B36C52B) (tstamp 5DE017CC)
    (at 191.77 82.559 90)
    (descr "Resistor SMD 0805 (2012 Metric), square (rectangular) end terminal, IPC_7351 nominal with elongated pad for handsoldering. (Body size source: https://docs.google.com/spreadsheets/d/1BsfQQcO9C6DZCsRaXUlFlo91Tg2WpOkGARC1WS5S8t0/edit?usp=sharing), generated with kicad-footprint-generator")
    (tags "resistor handsolder")
    (path /5DD193CD)
    (attr smd)
    (fp_text reference R3 (at -2.794 0 90) (layer B.SilkS)
      (effects (font (size 1 1) (thickness 0.15)) (justify mirror))
    )
    (fp_text value 470 (at -0.009 0 90) (layer B.Fab)
      (effects (font (size 1 1) (thickness 0.15)) (justify mirror))
    )
    (fp_line (start -1 -0.6) (end -1 0.6) (layer B.Fab) (width 0.1))
    (fp_line (start -1 0.6) (end 1 0.6) (layer B.Fab) (width 0.1))
    (fp_line (start 1 0.6) (end 1 -0.6) (layer B.Fab) (width 0.1))
    (fp_line (start 1 -0.6) (end -1 -0.6) (layer B.Fab) (width 0.1))
    (fp_line (start -0.261252 0.71) (end 0.261252 0.71) (layer B.SilkS) (width 0.12))
    (fp_line (start -0.261252 -0.71) (end 0.261252 -0.71) (layer B.SilkS) (width 0.12))
    (fp_line (start -1.85 -0.95) (end -1.85 0.95) (layer B.CrtYd) (width 0.05))
    (fp_line (start -1.85 0.95) (end 1.85 0.95) (layer B.CrtYd) (width 0.05))
    (fp_line (start 1.85 0.95) (end 1.85 -0.95) (layer B.CrtYd) (width 0.05))
    (fp_line (start 1.85 -0.95) (end -1.85 -0.95) (layer B.CrtYd) (width 0.05))
    (fp_text user %R (at 0 0 90) (layer B.Fab)
      (effects (font (size 0.5 0.5) (thickness 0.08)) (justify mirror))
    )
    (pad 1 smd roundrect (at -1.025 0 90) (size 1.15 1.4) (layers B.Cu B.Paste B.Mask) (roundrect_rratio 0.217391)
      (net 22 "Net-(R3-Pad1)"))
    (pad 2 smd roundrect (at 1.025 0 90) (size 1.15 1.4) (layers B.Cu B.Paste B.Mask) (roundrect_rratio 0.217391)
      (net 5 /C))
    (model ${KISYS3DMOD}/Resistor_SMD.3dshapes/R_0805_2012Metric.wrl
      (at (xyz 0 0 0))
      (scale (xyz 1 1 1))
      (rotate (xyz 0 0 0))
    )
  )

  (module Resistor_SMD:R_0805_2012Metric_Pad1.15x1.40mm_HandSolder (layer B.Cu) (tedit 5B36C52B) (tstamp 5DE017DD)
    (at 189.23 82.55 90)
    (descr "Resistor SMD 0805 (2012 Metric), square (rectangular) end terminal, IPC_7351 nominal with elongated pad for handsoldering. (Body size source: https://docs.google.com/spreadsheets/d/1BsfQQcO9C6DZCsRaXUlFlo91Tg2WpOkGARC1WS5S8t0/edit?usp=sharing), generated with kicad-footprint-generator")
    (tags "resistor handsolder")
    (path /5DD193EB)
    (attr smd)
    (fp_text reference R4 (at -2.785 0 90) (layer B.SilkS)
      (effects (font (size 1 1) (thickness 0.15)) (justify mirror))
    )
    (fp_text value 470 (at 0.009 0 90) (layer B.Fab)
      (effects (font (size 1 1) (thickness 0.15)) (justify mirror))
    )
    (fp_text user %R (at 0 0 90) (layer B.Fab)
      (effects (font (size 0.5 0.5) (thickness 0.08)) (justify mirror))
    )
    (fp_line (start 1.85 -0.95) (end -1.85 -0.95) (layer B.CrtYd) (width 0.05))
    (fp_line (start 1.85 0.95) (end 1.85 -0.95) (layer B.CrtYd) (width 0.05))
    (fp_line (start -1.85 0.95) (end 1.85 0.95) (layer B.CrtYd) (width 0.05))
    (fp_line (start -1.85 -0.95) (end -1.85 0.95) (layer B.CrtYd) (width 0.05))
    (fp_line (start -0.261252 -0.71) (end 0.261252 -0.71) (layer B.SilkS) (width 0.12))
    (fp_line (start -0.261252 0.71) (end 0.261252 0.71) (layer B.SilkS) (width 0.12))
    (fp_line (start 1 -0.6) (end -1 -0.6) (layer B.Fab) (width 0.1))
    (fp_line (start 1 0.6) (end 1 -0.6) (layer B.Fab) (width 0.1))
    (fp_line (start -1 0.6) (end 1 0.6) (layer B.Fab) (width 0.1))
    (fp_line (start -1 -0.6) (end -1 0.6) (layer B.Fab) (width 0.1))
    (pad 2 smd roundrect (at 1.025 0 90) (size 1.15 1.4) (layers B.Cu B.Paste B.Mask) (roundrect_rratio 0.217391)
      (net 6 /D))
    (pad 1 smd roundrect (at -1.025 0 90) (size 1.15 1.4) (layers B.Cu B.Paste B.Mask) (roundrect_rratio 0.217391)
      (net 23 "Net-(R4-Pad1)"))
    (model ${KISYS3DMOD}/Resistor_SMD.3dshapes/R_0805_2012Metric.wrl
      (at (xyz 0 0 0))
      (scale (xyz 1 1 1))
      (rotate (xyz 0 0 0))
    )
  )

  (module Resistor_SMD:R_0805_2012Metric_Pad1.15x1.40mm_HandSolder (layer B.Cu) (tedit 5B36C52B) (tstamp 5DE033E6)
    (at 186.69 82.55 90)
    (descr "Resistor SMD 0805 (2012 Metric), square (rectangular) end terminal, IPC_7351 nominal with elongated pad for handsoldering. (Body size source: https://docs.google.com/spreadsheets/d/1BsfQQcO9C6DZCsRaXUlFlo91Tg2WpOkGARC1WS5S8t0/edit?usp=sharing), generated with kicad-footprint-generator")
    (tags "resistor handsolder")
    (path /5DD1940B)
    (attr smd)
    (fp_text reference R5 (at -2.785 0 90) (layer B.SilkS)
      (effects (font (size 1 1) (thickness 0.15)) (justify mirror))
    )
    (fp_text value 470 (at 0.009 0 90) (layer B.Fab)
      (effects (font (size 1 1) (thickness 0.15)) (justify mirror))
    )
    (fp_line (start -1 -0.6) (end -1 0.6) (layer B.Fab) (width 0.1))
    (fp_line (start -1 0.6) (end 1 0.6) (layer B.Fab) (width 0.1))
    (fp_line (start 1 0.6) (end 1 -0.6) (layer B.Fab) (width 0.1))
    (fp_line (start 1 -0.6) (end -1 -0.6) (layer B.Fab) (width 0.1))
    (fp_line (start -0.261252 0.71) (end 0.261252 0.71) (layer B.SilkS) (width 0.12))
    (fp_line (start -0.261252 -0.71) (end 0.261252 -0.71) (layer B.SilkS) (width 0.12))
    (fp_line (start -1.85 -0.95) (end -1.85 0.95) (layer B.CrtYd) (width 0.05))
    (fp_line (start -1.85 0.95) (end 1.85 0.95) (layer B.CrtYd) (width 0.05))
    (fp_line (start 1.85 0.95) (end 1.85 -0.95) (layer B.CrtYd) (width 0.05))
    (fp_line (start 1.85 -0.95) (end -1.85 -0.95) (layer B.CrtYd) (width 0.05))
    (fp_text user %R (at 0 0 90) (layer B.Fab)
      (effects (font (size 0.5 0.5) (thickness 0.08)) (justify mirror))
    )
    (pad 1 smd roundrect (at -1.025 0 90) (size 1.15 1.4) (layers B.Cu B.Paste B.Mask) (roundrect_rratio 0.217391)
      (net 24 "Net-(R5-Pad1)"))
    (pad 2 smd roundrect (at 1.025 0 90) (size 1.15 1.4) (layers B.Cu B.Paste B.Mask) (roundrect_rratio 0.217391)
      (net 8 /E))
    (model ${KISYS3DMOD}/Resistor_SMD.3dshapes/R_0805_2012Metric.wrl
      (at (xyz 0 0 0))
      (scale (xyz 1 1 1))
      (rotate (xyz 0 0 0))
    )
  )

  (module Resistor_SMD:R_0805_2012Metric_Pad1.15x1.40mm_HandSolder (layer B.Cu) (tedit 5B36C52B) (tstamp 5DE017FF)
    (at 184.15 82.559 90)
    (descr "Resistor SMD 0805 (2012 Metric), square (rectangular) end terminal, IPC_7351 nominal with elongated pad for handsoldering. (Body size source: https://docs.google.com/spreadsheets/d/1BsfQQcO9C6DZCsRaXUlFlo91Tg2WpOkGARC1WS5S8t0/edit?usp=sharing), generated with kicad-footprint-generator")
    (tags "resistor handsolder")
    (path /5DD1942D)
    (attr smd)
    (fp_text reference R6 (at -2.785 0 90) (layer B.SilkS)
      (effects (font (size 1 1) (thickness 0.15)) (justify mirror))
    )
    (fp_text value 470 (at 0 0 90) (layer B.Fab)
      (effects (font (size 1 1) (thickness 0.15)) (justify mirror))
    )
    (fp_text user %R (at 0 0 90) (layer B.Fab)
      (effects (font (size 0.5 0.5) (thickness 0.08)) (justify mirror))
    )
    (fp_line (start 1.85 -0.95) (end -1.85 -0.95) (layer B.CrtYd) (width 0.05))
    (fp_line (start 1.85 0.95) (end 1.85 -0.95) (layer B.CrtYd) (width 0.05))
    (fp_line (start -1.85 0.95) (end 1.85 0.95) (layer B.CrtYd) (width 0.05))
    (fp_line (start -1.85 -0.95) (end -1.85 0.95) (layer B.CrtYd) (width 0.05))
    (fp_line (start -0.261252 -0.71) (end 0.261252 -0.71) (layer B.SilkS) (width 0.12))
    (fp_line (start -0.261252 0.71) (end 0.261252 0.71) (layer B.SilkS) (width 0.12))
    (fp_line (start 1 -0.6) (end -1 -0.6) (layer B.Fab) (width 0.1))
    (fp_line (start 1 0.6) (end 1 -0.6) (layer B.Fab) (width 0.1))
    (fp_line (start -1 0.6) (end 1 0.6) (layer B.Fab) (width 0.1))
    (fp_line (start -1 -0.6) (end -1 0.6) (layer B.Fab) (width 0.1))
    (pad 2 smd roundrect (at 1.025 0 90) (size 1.15 1.4) (layers B.Cu B.Paste B.Mask) (roundrect_rratio 0.217391)
      (net 10 /F))
    (pad 1 smd roundrect (at -1.025 0 90) (size 1.15 1.4) (layers B.Cu B.Paste B.Mask) (roundrect_rratio 0.217391)
      (net 25 "Net-(R6-Pad1)"))
    (model ${KISYS3DMOD}/Resistor_SMD.3dshapes/R_0805_2012Metric.wrl
      (at (xyz 0 0 0))
      (scale (xyz 1 1 1))
      (rotate (xyz 0 0 0))
    )
  )

  (module Resistor_SMD:R_0805_2012Metric_Pad1.15x1.40mm_HandSolder (layer B.Cu) (tedit 5B36C52B) (tstamp 5DE03192)
    (at 204.47 82.559 90)
    (descr "Resistor SMD 0805 (2012 Metric), square (rectangular) end terminal, IPC_7351 nominal with elongated pad for handsoldering. (Body size source: https://docs.google.com/spreadsheets/d/1BsfQQcO9C6DZCsRaXUlFlo91Tg2WpOkGARC1WS5S8t0/edit?usp=sharing), generated with kicad-footprint-generator")
    (tags "resistor handsolder")
    (path /5DD19451)
    (attr smd)
    (fp_text reference R7 (at -2.803 0 270) (layer B.SilkS)
      (effects (font (size 1 1) (thickness 0.15)) (justify mirror))
    )
    (fp_text value 470 (at 0 0 90) (layer B.Fab)
      (effects (font (size 1 1) (thickness 0.15)) (justify mirror))
    )
    (fp_line (start -1 -0.6) (end -1 0.6) (layer B.Fab) (width 0.1))
    (fp_line (start -1 0.6) (end 1 0.6) (layer B.Fab) (width 0.1))
    (fp_line (start 1 0.6) (end 1 -0.6) (layer B.Fab) (width 0.1))
    (fp_line (start 1 -0.6) (end -1 -0.6) (layer B.Fab) (width 0.1))
    (fp_line (start -0.261252 0.71) (end 0.261252 0.71) (layer B.SilkS) (width 0.12))
    (fp_line (start -0.261252 -0.71) (end 0.261252 -0.71) (layer B.SilkS) (width 0.12))
    (fp_line (start -1.85 -0.95) (end -1.85 0.95) (layer B.CrtYd) (width 0.05))
    (fp_line (start -1.85 0.95) (end 1.85 0.95) (layer B.CrtYd) (width 0.05))
    (fp_line (start 1.85 0.95) (end 1.85 -0.95) (layer B.CrtYd) (width 0.05))
    (fp_line (start 1.85 -0.95) (end -1.85 -0.95) (layer B.CrtYd) (width 0.05))
    (fp_text user %R (at 0 0 90) (layer B.Fab)
      (effects (font (size 0.5 0.5) (thickness 0.08)) (justify mirror))
    )
    (pad 1 smd roundrect (at -1.025 0 90) (size 1.15 1.4) (layers B.Cu B.Paste B.Mask) (roundrect_rratio 0.217391)
      (net 26 "Net-(R7-Pad1)"))
    (pad 2 smd roundrect (at 1.025 0 90) (size 1.15 1.4) (layers B.Cu B.Paste B.Mask) (roundrect_rratio 0.217391)
      (net 12 /G))
    (model ${KISYS3DMOD}/Resistor_SMD.3dshapes/R_0805_2012Metric.wrl
      (at (xyz 0 0 0))
      (scale (xyz 1 1 1))
      (rotate (xyz 0 0 0))
    )
  )

  (module Resistor_SMD:R_0805_2012Metric_Pad1.15x1.40mm_HandSolder (layer B.Cu) (tedit 5B36C52B) (tstamp 5DE01821)
    (at 206.756 82.541 270)
    (descr "Resistor SMD 0805 (2012 Metric), square (rectangular) end terminal, IPC_7351 nominal with elongated pad for handsoldering. (Body size source: https://docs.google.com/spreadsheets/d/1BsfQQcO9C6DZCsRaXUlFlo91Tg2WpOkGARC1WS5S8t0/edit?usp=sharing), generated with kicad-footprint-generator")
    (tags "resistor handsolder")
    (path /5DD19477)
    (attr smd)
    (fp_text reference R8 (at 2.803 0 270) (layer B.SilkS)
      (effects (font (size 1 1) (thickness 0.15)) (justify mirror))
    )
    (fp_text value 470 (at 0.009 0 270) (layer B.Fab)
      (effects (font (size 1 1) (thickness 0.15)) (justify mirror))
    )
    (fp_text user %R (at 0 0 270) (layer B.Fab)
      (effects (font (size 0.5 0.5) (thickness 0.08)) (justify mirror))
    )
    (fp_line (start 1.85 -0.95) (end -1.85 -0.95) (layer B.CrtYd) (width 0.05))
    (fp_line (start 1.85 0.95) (end 1.85 -0.95) (layer B.CrtYd) (width 0.05))
    (fp_line (start -1.85 0.95) (end 1.85 0.95) (layer B.CrtYd) (width 0.05))
    (fp_line (start -1.85 -0.95) (end -1.85 0.95) (layer B.CrtYd) (width 0.05))
    (fp_line (start -0.261252 -0.71) (end 0.261252 -0.71) (layer B.SilkS) (width 0.12))
    (fp_line (start -0.261252 0.71) (end 0.261252 0.71) (layer B.SilkS) (width 0.12))
    (fp_line (start 1 -0.6) (end -1 -0.6) (layer B.Fab) (width 0.1))
    (fp_line (start 1 0.6) (end 1 -0.6) (layer B.Fab) (width 0.1))
    (fp_line (start -1 0.6) (end 1 0.6) (layer B.Fab) (width 0.1))
    (fp_line (start -1 -0.6) (end -1 0.6) (layer B.Fab) (width 0.1))
    (pad 2 smd roundrect (at 1.025 0 270) (size 1.15 1.4) (layers B.Cu B.Paste B.Mask) (roundrect_rratio 0.217391)
      (net 14 /DP))
    (pad 1 smd roundrect (at -1.025 0 270) (size 1.15 1.4) (layers B.Cu B.Paste B.Mask) (roundrect_rratio 0.217391)
      (net 27 "Net-(R8-Pad1)"))
    (model ${KISYS3DMOD}/Resistor_SMD.3dshapes/R_0805_2012Metric.wrl
      (at (xyz 0 0 0))
      (scale (xyz 1 1 1))
      (rotate (xyz 0 0 0))
    )
  )

  (module Display_7Segment:7SegmentLED_LTS6760_LTS6780 (layer F.Cu) (tedit 5D86971C) (tstamp 5DE021AA)
    (at 157.48 68.58 90)
    (descr "7-Segment Display, LTS67x0, http://optoelectronics.liteon.com/upload/download/DS30-2001-355/S6760jd.pdf")
    (tags "7Segment LED LTS6760 LTS6780")
    (path /5DD0BBBA)
    (fp_text reference U1 (at 7.62 -2.42 90) (layer F.SilkS)
      (effects (font (size 1 1) (thickness 0.15)))
    )
    (fp_text value KCSC02-105 (at 7.62 12.58 90) (layer F.Fab)
      (effects (font (size 1 1) (thickness 0.15)))
    )
    (fp_line (start 1.905 -1.33) (end 13.335 -1.33) (layer F.SilkS) (width 0.12))
    (fp_line (start 1.905 11.49) (end 13.335 11.49) (layer F.SilkS) (width 0.12))
    (fp_line (start -2.015 -0.22) (end -2.015 11.38) (layer F.SilkS) (width 0.12))
    (fp_line (start 17.255 11.38) (end 17.255 -1.22) (layer F.SilkS) (width 0.12))
    (fp_line (start -2.16 -1.47) (end -2.16 11.63) (layer F.CrtYd) (width 0.05))
    (fp_line (start 17.4 -1.47) (end 17.4 11.63) (layer F.CrtYd) (width 0.05))
    (fp_line (start -2.16 -1.47) (end 17.4 -1.47) (layer F.CrtYd) (width 0.05))
    (fp_line (start -2.16 11.63) (end 17.4 11.63) (layer F.CrtYd) (width 0.05))
    (fp_line (start -0.905 -1.22) (end -1.905 -0.22) (layer F.Fab) (width 0.1))
    (fp_line (start 17.145 11.38) (end 17.145 -1.22) (layer F.Fab) (width 0.1))
    (fp_line (start -1.905 -0.22) (end -1.905 11.38) (layer F.Fab) (width 0.1))
    (fp_line (start -1.905 11.38) (end 17.145 11.38) (layer F.Fab) (width 0.1))
    (fp_text user %R (at 7.87 5.08 90) (layer F.Fab)
      (effects (font (size 1 1) (thickness 0.15)))
    )
    (fp_line (start 12.62 2.08) (end 7.62 1.08) (layer F.SilkS) (width 0.12))
    (fp_line (start 7.62 1.08) (end 2.62 0.08) (layer F.SilkS) (width 0.12))
    (fp_line (start 2.62 0.08) (end 2.62 7.08) (layer F.SilkS) (width 0.12))
    (fp_line (start 2.62 7.08) (end 7.62 8.08) (layer F.SilkS) (width 0.12))
    (fp_line (start 12.62 9.08) (end 7.62 8.08) (layer F.SilkS) (width 0.12))
    (fp_line (start 7.62 8.08) (end 7.62 1.08) (layer F.SilkS) (width 0.12))
    (fp_line (start 12.62 2.08) (end 12.62 9.08) (layer F.SilkS) (width 0.12))
    (fp_circle (center 2.62 9.08) (end 3.067214 9.08) (layer F.SilkS) (width 0.12))
    (fp_line (start -0.905 -1.22) (end 17.145 -1.22) (layer F.Fab) (width 0.1))
    (pad 1 thru_hole rect (at 0 0) (size 1.524 2.524) (drill 0.8) (layers *.Cu *.Mask)
      (net 24 "Net-(R5-Pad1)"))
    (pad 2 thru_hole oval (at 0 2.54) (size 1.524 2.524) (drill 0.8) (layers *.Cu *.Mask)
      (net 23 "Net-(R4-Pad1)"))
    (pad 3 thru_hole oval (at 0 5.08) (size 1.524 2.524) (drill 0.8) (layers *.Cu *.Mask)
      (net 16 "Net-(Q2-Pad3)"))
    (pad 4 thru_hole oval (at 0 7.62) (size 1.524 2.524) (drill 0.8) (layers *.Cu *.Mask)
      (net 22 "Net-(R3-Pad1)"))
    (pad 5 thru_hole oval (at 0 10.16) (size 1.524 2.524) (drill 0.8) (layers *.Cu *.Mask)
      (net 27 "Net-(R8-Pad1)"))
    (pad 6 thru_hole oval (at 15.24 10.16) (size 1.524 2.524) (drill 0.8) (layers *.Cu *.Mask)
      (net 21 "Net-(R2-Pad1)"))
    (pad 7 thru_hole oval (at 15.24 7.62) (size 1.524 2.524) (drill 0.8) (layers *.Cu *.Mask)
      (net 20 "Net-(R1-Pad1)"))
    (pad 8 thru_hole oval (at 15.24 5.08) (size 1.524 2.524) (drill 0.8) (layers *.Cu *.Mask)
      (net 16 "Net-(Q2-Pad3)"))
    (pad 9 thru_hole oval (at 15.24 2.54) (size 1.524 2.524) (drill 0.8) (layers *.Cu *.Mask)
      (net 25 "Net-(R6-Pad1)"))
    (pad 10 thru_hole oval (at 15.24 0) (size 1.524 2.524) (drill 0.8) (layers *.Cu *.Mask)
      (net 26 "Net-(R7-Pad1)"))
    (model ${KISYS3DMOD}/Display_7Segment.3dshapes/7SegmentLED_LTS6760_LTS6780.wrl
      (at (xyz 0 0 0))
      (scale (xyz 1 1 1))
      (rotate (xyz 0 0 0))
    )
  )

  (module Display_7Segment:7SegmentLED_LTS6760_LTS6780 (layer F.Cu) (tedit 5D86971C) (tstamp 5DE021CD)
    (at 171.45 68.58 90)
    (descr "7-Segment Display, LTS67x0, http://optoelectronics.liteon.com/upload/download/DS30-2001-355/S6760jd.pdf")
    (tags "7Segment LED LTS6760 LTS6780")
    (path /5DD0DF10)
    (fp_text reference U2 (at 7.62 -2.42 90) (layer F.SilkS)
      (effects (font (size 1 1) (thickness 0.15)))
    )
    (fp_text value KCSC02-105 (at 7.62 12.58 90) (layer F.Fab)
      (effects (font (size 1 1) (thickness 0.15)))
    )
    (fp_line (start -0.905 -1.22) (end 17.145 -1.22) (layer F.Fab) (width 0.1))
